start
0,807843148708344  0,7843137383461  0,776470601558685  0,792156875133514  0,803921580314636  0,796078443527222  0,792156875133514  0,800000011920929  0,772549033164978  0,803921580314636  0,811764717102051  0,776470601558685  0,749019622802734  0,768627464771271  0,811764717102051  0,835294127464294  0,815686285495758  0,811764717102051  0,815686285495758  0,807843148708344  0,780392169952393  0,768627464771271  0,807843148708344  0,858823537826538  0,815686285495758  0,811764717102051  0,811764717102051  0,807843148708344  0,803921580314636  0,800000011920929  
0,788235306739807  0,7843137383461  0,796078443527222  0,807843148708344  0,807843148708344  0,792156875133514  0,780392169952393  0,7843137383461  0,768627464771271  0,803921580314636  0,835294127464294  0,839215695858002  0,823529422283173  0,811764717102051  0,796078443527222  0,7843137383461  0,737254917621613  0,788235306739807  0,850980401039124  0,874509811401367  0,850980401039124  0,811764717102051  0,803921580314636  0,819607853889465  0,819607853889465  0,815686285495758  0,811764717102051  0,811764717102051  0,807843148708344  0,803921580314636  
0,772549033164978  0,796078443527222  0,815686285495758  0,819607853889465  0,807843148708344  0,800000011920929  0,792156875133514  0,788235306739807  0,843137264251709  0,811764717102051  0,772549033164978  0,729411780834198  0,682352960109711  0,615686297416687  0,549019634723663  0,509803950786591  0,498039215803146  0,588235318660736  0,705882370471954  0,796078443527222  0,831372559070587  0,823529422283173  0,788235306739807  0,760784327983856  0,823529422283173  0,823529422283173  0,819607853889465  0,815686285495758  0,811764717102051  0,807843148708344  
0,776470601558685  0,811764717102051  0,82745099067688  0,811764717102051  0,807843148708344  0,82745099067688  0,831372559070587  0,819607853889465  0,850980401039124  0,733333349227905  0,596078455448151  0,501960813999176  0,431372553110123  0,360784322023392  0,313725501298904  0,301960796117783  0,274509817361832  0,337254911661148  0,439215689897537  0,572549045085907  0,725490212440491  0,831372559070587  0,839215695858002  0,792156875133514  0,831372559070587  0,831372559070587  0,82745099067688  0,823529422283173  0,819607853889465  0,815686285495758  
0,803921580314636  0,831372559070587  0,823529422283173  0,792156875133514  0,807843148708344  0,858823537826538  0,858823537826538  0,815686285495758  0,670588254928589  0,549019634723663  0,43529412150383  0,39215686917305  0,356862753629684  0,301960796117783  0,278431385755539  0,298039227724075  0,26274511218071  0,254901975393295  0,26274511218071  0,364705890417099  0,588235318660736  0,815686285495758  0,894117653369904  0,858823537826538  0,839215695858002  0,839215695858002  0,835294127464294  0,831372559070587  0,82745099067688  0,823529422283173  
0,819607853889465  0,843137264251709  0,819607853889465  0,788235306739807  0,823529422283173  0,878431379795074  0,819607853889465  0,705882370471954  0,474509805440903  0,400000005960464  0,380392163991928  0,411764711141586  0,388235300779343  0,294117659330368  0,24705882370472  0,270588248968124  0,368627458810806  0,329411774873734  0,254901975393295  0,24705882370472  0,423529416322708  0,686274528503418  0,831372559070587  0,839215695858002  0,847058832645416  0,843137264251709  0,843137264251709  0,839215695858002  0,835294127464294  0,831372559070587  
0,819607853889465  0,839215695858002  0,823529422283173  0,803921580314636  0,854901969432831  0,874509811401367  0,717647075653076  0,509803950786591  0,364705890417099  0,321568638086319  0,352941185235977  0,423529416322708  0,407843142747879  0,313725501298904  0,294117659330368  0,356862753629684  0,486274510622025  0,498039215803146  0,411764711141586  0,298039227724075  0,341176480054855  0,552941203117371  0,749019622802734  0,815686285495758  0,850980401039124  0,850980401039124  0,847058832645416  0,843137264251709  0,839215695858002  0,839215695858002  
0,807843148708344  0,835294127464294  0,82745099067688  0,823529422283173  0,878431379795074  0,862745106220245  0,631372570991516  0,34901961684227  0,301960796117783  0,26274511218071  0,309803932905197  0,411764711141586  0,43529412150383  0,415686279535294  0,494117647409439  0,631372570991516  0,588235318660736  0,662745118141174  0,615686297416687  0,439215689897537  0,376470595598221  0,541176497936249  0,760784327983856  0,878431379795074  0,854901969432831  0,854901969432831  0,850980401039124  0,847058832645416  0,843137264251709  0,839215695858002  
0,815686285495758  0,862745106220245  0,901960790157318  0,850980401039124  0,933333337306976  0,780392169952393  0,376470595598221  0,372549027204514  0,447058826684952  0,509803950786591  0,592156887054443  0,639215707778931  0,647058844566345  0,639215707778931  0,639215707778931  0,647058844566345  0,61176472902298  0,549019634723663  0,584313750267029  0,517647087574005  0,498039215803146  0,47843137383461  0,498039215803146  0,835294127464294  0,862745106220245  0,862745106220245  0,858823537826538  0,854901969432831  0,850980401039124  0,847058832645416  
0,82745099067688  0,862745106220245  0,894117653369904  0,843137264251709  0,925490200519562  0,772549033164978  0,384313732385635  0,400000005960464  0,529411792755127  0,580392181873322  0,639215707778931  0,670588254928589  0,662745118141174  0,643137276172638  0,631372570991516  0,631372570991516  0,647058844566345  0,584313750267029  0,619607865810394  0,549019634723663  0,517647087574005  0,474509805440903  0,470588237047195  0,788235306739807  0,866666674613953  0,866666674613953  0,862745106220245  0,858823537826538  0,854901969432831  0,854901969432831  
0,839215695858002  0,862745106220245  0,882352948188782  0,835294127464294  0,917647063732147  0,760784327983856  0,39215686917305  0,439215689897537  0,5686274766922  0,607843160629272  0,650980412960052  0,674509823322296  0,670588254928589  0,650980412960052  0,639215707778931  0,635294139385223  0,635294139385223  0,5686274766922  0,603921592235565  0,52549022436142  0,482352942228317  0,407843142747879  0,364705890417099  0,65490198135376  0,878431379795074  0,874509811401367  0,87058824300766  0,87058824300766  0,866666674613953  0,862745106220245  
0,858823537826538  0,862745106220245  0,878431379795074  0,835294127464294  0,909803926944733  0,74117648601532  0,396078437566757  0,47843137383461  0,549019634723663  0,576470613479614  0,61176472902298  0,643137276172638  0,658823549747467  0,662745118141174  0,662745118141174  0,662745118141174  0,623529434204102  0,560784339904785  0,592156887054443  0,521568655967712  0,470588237047195  0,372549027204514  0,294117659330368  0,556862771511078  0,886274516582489  0,886274516582489  0,882352948188782  0,878431379795074  0,874509811401367  0,874509811401367  
0,874509811401367  0,866666674613953  0,886274516582489  0,850980401039124  0,909803926944733  0,721568644046783  0,388235300779343  0,498039215803146  0,564705908298492  0,572549045085907  0,592156887054443  0,619607865810394  0,647058844566345  0,658823549747467  0,662745118141174  0,658823549747467  0,639215707778931  0,572549045085907  0,61176472902298  0,552941203117371  0,513725519180298  0,415686279535294  0,321568638086319  0,5686274766922  0,898039221763611  0,898039221763611  0,894117653369904  0,894117653369904  0,890196084976196  0,886274516582489  
0,890196084976196  0,874509811401367  0,898039221763611  0,874509811401367  0,917647063732147  0,701960802078247  0,368627458810806  0,498039215803146  0,592156887054443  0,584313750267029  0,576470613479614  0,592156887054443  0,615686297416687  0,627451002597809  0,627451002597809  0,615686297416687  0,564705908298492  0,498039215803146  0,545098066329956  0,509803950786591  0,498039215803146  0,419607847929001  0,329411774873734  0,576470613479614  0,909803926944733  0,909803926944733  0,905882358551025  0,901960790157318  0,898039221763611  0,898039221763611  
0,898039221763611  0,882352948188782  0,91372549533844  0,898039221763611  0,929411768913269  0,686274528503418  0,345098048448563  0,490196079015732  0,533333361148834  0,513725519180298  0,498039215803146  0,513725519180298  0,549019634723663  0,576470613479614  0,580392181873322  0,5686274766922  0,462745100259781  0,396078437566757  0,450980395078659  0,43529412150383  0,458823531866074  0,407843142747879  0,337254911661148  0,588235318660736  0,921568632125854  0,917647063732147  0,917647063732147  0,91372549533844  0,909803926944733  0,905882358551025  
0,905882358551025  0,886274516582489  0,925490200519562  0,91372549533844  0,937254905700684  0,678431391716003  0,333333343267441  0,47843137383461  0,423529416322708  0,403921574354172  0,396078437566757  0,427450984716415  0,486274510622025  0,533333361148834  0,549019634723663  0,549019634723663  0,43529412150383  0,368627458810806  0,431372553110123  0,431372553110123  0,474509805440903  0,443137258291245  0,384313732385635  0,643137276172638  0,925490200519562  0,921568632125854  0,921568632125854  0,917647063732147  0,91372549533844  0,909803926944733  
0,890196084976196  0,91372549533844  1  0,886274516582489  0,949019610881805  0,847058832645416  0,462745100259781  0,556862771511078  0,521568655967712  0,517647087574005  0,490196079015732  0,466666668653488  0,498039215803146  0,541176497936249  0,52549022436142  0,474509805440903  0,462745100259781  0,466666668653488  0,52549022436142  0,458823531866074  0,564705908298492  0,470588237047195  0,333333343267441  0,839215695858002  0,952941179275513  0,949019610881805  0,949019610881805  0,945098042488098  0,941176474094391  0,937254905700684  
0,909803926944733  0,917647063732147  0,984313726425171  0,898039221763611  0,964705884456635  0,87058824300766  0,498039215803146  0,537254929542542  0,588235318660736  0,600000023841858  0,580392181873322  0,545098066329956  0,549019634723663  0,576470613479614  0,564705908298492  0,52549022436142  0,533333361148834  0,549019634723663  0,600000023841858  0,52549022436142  0,588235318660736  0,482352942228317  0,39215686917305  0,878431379795074  0,95686274766922  0,952941179275513  0,949019610881805  0,949019610881805  0,945098042488098  0,941176474094391  
0,933333337306976  0,925490200519562  0,960784316062927  0,921568632125854  0,992156863212585  0,905882358551025  0,572549045085907  0,505882382392883  0,592156887054443  0,623529434204102  0,623529434204102  0,572549045085907  0,545098066329956  0,556862771511078  0,556862771511078  0,533333361148834  0,572549045085907  0,61176472902298  0,650980412960052  0,584313750267029  0,580392181873322  0,470588237047195  0,462745100259781  0,91372549533844  0,960784316062927  0,960784316062927  0,95686274766922  0,952941179275513  0,949019610881805  0,945098042488098  
0,95686274766922  0,937254905700684  0,937254905700684  0,949019610881805  1  0,941176474094391  0,670588254928589  0,494117647409439  0,556862771511078  0,61176472902298  0,631372570991516  0,580392181873322  0,537254929542542  0,541176497936249  0,552941203117371  0,541176497936249  0,541176497936249  0,603921592235565  0,627451002597809  0,588235318660736  0,537254929542542  0,439215689897537  0,545098066329956  0,937254905700684  0,968627452850342  0,968627452850342  0,964705884456635  0,960784316062927  0,95686274766922  0,952941179275513  
0,968627452850342  0,949019610881805  0,921568632125854  0,972549021244049  1  0,960784316062927  0,792156875133514  0,517647087574005  0,541176497936249  0,603921592235565  0,631372570991516  0,596078455448151  0,560784339904785  0,5686274766922  0,580392181873322  0,5686274766922  0,494117647409439  0,564705908298492  0,572549045085907  0,580392181873322  0,509803950786591  0,439215689897537  0,666666686534882  0,980392158031464  0,976470589637756  0,976470589637756  0,972549021244049  0,968627452850342  0,964705884456635  0,960784316062927  
0,968627452850342  0,960784316062927  0,909803926944733  0,996078431606293  0,992156863212585  0,968627452850342  0,905882358551025  0,5686274766922  0,494117647409439  0,545098066329956  0,5686274766922  0,545098066329956  0,533333361148834  0,549019634723663  0,541176497936249  0,513725519180298  0,474509805440903  0,541176497936249  0,517647087574005  0,580392181873322  0,505882382392883  0,47843137383461  0,803921580314636  1  0,984313726425171  0,980392158031464  0,980392158031464  0,976470589637756  0,972549021244049  0,968627452850342  
0,960784316062927  0,968627452850342  0,909803926944733  1  0,968627452850342  0,960784316062927  1  0,631372570991516  0,474509805440903  0,501960813999176  0,509803950786591  0,490196079015732  0,498039215803146  0,513725519180298  0,482352942228317  0,427450984716415  0,466666668653488  0,513725519180298  0,458823531866074  0,564705908298492  0,498039215803146  0,498039215803146  0,886274516582489  1  0,988235294818878  0,988235294818878  0,984313726425171  0,980392158031464  0,976470589637756  0,976470589637756  
0,952941179275513  0,972549021244049  0,909803926944733  1  0,952941179275513  0,952941179275513  1  0,670588254928589  0,529411792755127  0,537254929542542  0,52549022436142  0,509803950786591  0,52549022436142  0,541176497936249  0,486274510622025  0,411764711141586  0,454901963472366  0,490196079015732  0,411764711141586  0,537254929542542  0,474509805440903  0,490196079015732  0,909803926944733  1  0,992156863212585  0,992156863212585  0,988235294818878  0,984313726425171  0,980392158031464  0,976470589637756  
0,976470589637756  0,980392158031464  0,996078431606293  1  1  1  0,972549021244049  0,933333337306976  0,466666668653488  0,52549022436142  0,545098066329956  0,494117647409439  0,447058826684952  0,454901963472366  0,47843137383461  0,47843137383461  0,423529416322708  0,423529416322708  0,556862771511078  0,556862771511078  0,431372553110123  0,615686297416687  0,95686274766922  1  1  0,992156863212585  0,960784316062927  0,937254905700684  0,933333337306976  0,952941179275513  
0,925490200519562  0,937254905700684  0,952941179275513  0,949019610881805  0,901960790157318  0,800000011920929  0,674509823322296  0,584313750267029  0,337254911661148  0,43529412150383  0,513725519180298  0,513725519180298  0,505882382392883  0,52549022436142  0,545098066329956  0,545098066329956  0,509803950786591  0,494117647409439  0,537254929542542  0,509803950786591  0,400000005960464  0,423529416322708  0,564705908298492  0,647058844566345  0,952941179275513  0,980392158031464  1  1  1  0,996078431606293  
0,996078431606293  0,898039221763611  0,737254917621613  0,5686274766922  0,419607847929001  0,301960796117783  0,211764708161354  0,156862750649452  0,18823529779911  0,329411774873734  0,470588237047195  0,52549022436142  0,545098066329956  0,576470613479614  0,600000023841858  0,596078455448151  0,588235318660736  0,560784339904785  0,494117647409439  0,470588237047195  0,439215689897537  0,294117659330368  0,200000002980232  0,254901975393295  0,329411774873734  0,431372553110123  0,600000023841858  0,776470601558685  0,91372549533844  0,992156863212585  
0,537254929542542  0,443137258291245  0,317647069692612  0,215686276555061  0,176470592617989  0,18823529779911  0,219607844948769  0,243137255311012  0,125490203499794  0,282352954149246  0,443137258291245  0,505882382392883  0,521568655967712  0,545098066329956  0,564705908298492  0,564705908298492  0,560784339904785  0,541176497936249  0,423529416322708  0,450980395078659  0,545098066329956  0,345098048448563  0,121568627655506  0,168627455830574  0,180392161011696  0,223529413342476  0,298039227724075  0,384313732385635  0,466666668653488  0,529411792755127  
0,192156866192818  0,20392157137394  0,223529413342476  0,258823543787003  0,290196090936661  0,290196090936661  0,26274511218071  0,235294118523598  0,156862750649452  0,313725501298904  0,458823531866074  0,490196079015732  0,466666668653488  0,462745100259781  0,474509805440903  0,474509805440903  0,447058826684952  0,443137258291245  0,34901961684227  0,419607847929001  0,584313750267029  0,447058826684952  0,215686276555061  0,223529413342476  0,309803932905197  0,294117659330368  0,26274511218071  0,23137255012989  0,20392157137394  0,18823529779911  
0,321568638086319  0,301960796117783  0,282352954149246  0,270588248968124  0,254901975393295  0,227450981736183  0,184313729405403  0,149019613862038  0,20392157137394  0,364705890417099  0,509803950786591  0,52549022436142  0,470588237047195  0,431372553110123  0,423529416322708  0,415686279535294  0,372549027204514  0,384313732385635  0,364705890417099  0,427450984716415  0,545098066329956  0,494117647409439  0,317647069692612  0,223529413342476  0,137254908680916  0,156862750649452  0,192156866192818  0,227450981736183  0,250980406999588  0,266666680574417  
0,266666680574417  0,223529413342476  0,176470592617989  0,160784319043159  0,18823529779911  0,239215686917305  0,286274522542953  0,30588236451149  0,20392157137394  0,396078437566757  0,576470613479614  0,61176472902298  0,549019634723663  0,486274510622025  0,450980395078659  0,427450984716415  0,400000005960464  0,431372553110123  0,509803950786591  0,533333361148834  0,529411792755127  0,545098066329956  0,427450984716415  0,192156866192818  0,168627455830574  0,18823529779911  0,211764708161354  0,235294118523598  0,250980406999588  0,24705882370472  
0,258823543787003  0,254901975393295  0,258823543787003  0,270588248968124  0,270588248968124  0,243137255311012  0,192156866192818  0,152941182255745  0,180392161011696  0,400000005960464  0,623529434204102  0,690196096897125  0,635294139385223  0,560784339904785  0,505882382392883  0,470588237047195  0,466666668653488  0,517647087574005  0,666666686534882  0,666666686534882  0,560784339904785  0,61176472902298  0,52549022436142  0,196078434586525  0,26274511218071  0,24705882370472  0,219607844948769  0,200000002980232  0,192156866192818  0,200000002980232  
0,223529413342476  0,23137255012989  0,239215686917305  0,243137255311012  0,24705882370472  0,243137255311012  0,239215686917305  0,235294118523598  0,227450981736183  0,458823531866074  0,709803938865662  0,65490198135376  0,756862759590149  0,556862771511078  0,52549022436142  0,494117647409439  0,576470613479614  0,709803938865662  0,705882370471954  0,592156887054443  0,623529434204102  0,69803923368454  0,505882382392883  0,180392161011696  0,200000002980232  0,20392157137394  0,215686276555061  0,223529413342476  0,227450981736183  0,227450981736183  
0,223529413342476  0,227450981736183  0,235294118523598  0,243137255311012  0,24705882370472  0,243137255311012  0,239215686917305  0,235294118523598  0,23137255012989  0,474509805440903  0,713725507259369  0,607843160629272  0,643137276172638  0,419607847929001  0,407843142747879  0,415686279535294  0,329411774873734  0,560784339904785  0,686274528503418  0,643137276172638  0,670588254928589  0,725490212440491  0,552941203117371  0,26274511218071  0,200000002980232  0,207843139767647  0,215686276555061  0,223529413342476  0,227450981736183  0,227450981736183  
0,219607844948769  0,223529413342476  0,235294118523598  0,243137255311012  0,24705882370472  0,24705882370472  0,243137255311012  0,239215686917305  0,235294118523598  0,482352942228317  0,713725507259369  0,564705908298492  0,549019634723663  0,294117659330368  0,290196090936661  0,317647069692612  0,0901960805058479  0,400000005960464  0,631372570991516  0,647058844566345  0,65490198135376  0,674509823322296  0,509803950786591  0,254901975393295  0,20392157137394  0,211764708161354  0,219607844948769  0,227450981736183  0,23137255012989  0,23137255012989  
0,211764708161354  0,219607844948769  0,23137255012989  0,243137255311012  0,24705882370472  0,250980406999588  0,24705882370472  0,24705882370472  0,243137255311012  0,47843137383461  0,701960802078247  0,572549045085907  0,576470613479614  0,313725501298904  0,270588248968124  0,258823543787003  0,164705887436867  0,439215689897537  0,639215707778931  0,647058844566345  0,639215707778931  0,635294139385223  0,462745100259781  0,215686276555061  0,207843139767647  0,215686276555061  0,223529413342476  0,23137255012989  0,235294118523598  0,235294118523598  
0,207843139767647  0,215686276555061  0,227450981736183  0,243137255311012  0,250980406999588  0,254901975393295  0,250980406999588  0,250980406999588  0,243137255311012  0,458823531866074  0,690196096897125  0,619607865810394  0,694117665290833  0,443137258291245  0,337254911661148  0,254901975393295  0,466666668653488  0,615686297416687  0,694117665290833  0,666666686534882  0,682352960109711  0,686274528503418  0,505882382392883  0,254901975393295  0,211764708161354  0,219607844948769  0,227450981736183  0,235294118523598  0,239215686917305  0,239215686917305  
0,200000002980232  0,211764708161354  0,223529413342476  0,239215686917305  0,250980406999588  0,254901975393295  0,254901975393295  0,254901975393295  0,239215686917305  0,450980395078659  0,694117665290833  0,658823549747467  0,772549033164978  0,533333361148834  0,400000005960464  0,286274522542953  0,639215707778931  0,694117665290833  0,690196096897125  0,647058844566345  0,690196096897125  0,709803938865662  0,529411792755127  0,278431385755539  0,215686276555061  0,223529413342476  0,23137255012989  0,239215686917305  0,243137255311012  0,243137255311012  
0,196078434586525  0,207843139767647  0,223529413342476  0,239215686917305  0,250980406999588  0,258823543787003  0,258823543787003  0,258823543787003  0,23137255012989  0,458823531866074  0,709803938865662  0,658823549747467  0,749019622802734  0,505882382392883  0,400000005960464  0,313725501298904  0,647058844566345  0,686274528503418  0,678431391716003  0,647058844566345  0,682352960109711  0,686274528503418  0,498039215803146  0,250980406999588  0,219607844948769  0,223529413342476  0,235294118523598  0,243137255311012  0,24705882370472  0,243137255311012  


apply convolution 1
-2,13294123411179  -1,76627455353737  -1,17803928852082  -1,08588237762451  -1,26784314513207  -1,30078438073397  -1,17843142300844  -0,836470602452756  -0,590980437397958  -0,741960792243482  -0,790196074545384  -1,03176472485066  -0,791372540593148  -1,16235292255879  -1,96431380957365  -2,41725488305092  -2,24313725680113  -1,69921571165323  -1,62392156720162  -1,79568629860878  -2,1980392575264  
-2,13294123411179  -1,76627455353737  -1,17803928852082  -1,08588237762451  -1,26784314513207  -1,30078438073397  -1,17843142300844  -0,836470602452756  -0,590980437397958  -0,741960792243482  -0,790196074545384  -1,03176472485066  -0,791372540593148  -1,16235292255879  -1,96431380957365  -2,41725488305092  -2,24313725680113  -1,69921571165323  -1,62392156720162  -1,79568629860878  -2,1980392575264  
-2,13294123411179  -1,76627455353737  -1,17803928852082  -1,08588237762451  -1,26784314513207  -1,30078438073397  -1,17843142300844  -0,836470602452756  -0,590980437397958  -0,741960792243482  -0,790196074545384  -1,03176472485066  -0,791372540593148  -1,16235292255879  -1,96431380957365  -2,41725488305092  -2,24313725680113  -1,69921571165323  -1,62392156720162  -1,79568629860878  -2,1980392575264  
-2,13294123411179  -1,76627455353737  -1,17803928852082  -1,08588237762451  -1,26784314513207  -1,30078438073397  -1,17843142300844  -0,836470602452756  -0,590980437397958  -0,741960792243482  -0,790196074545384  -1,03176472485066  -0,791372540593148  -1,16235292255879  -1,96431380957365  -2,41725488305092  -2,24313725680113  -1,69921571165323  -1,62392156720162  -1,79568629860878  -2,1980392575264  
-2,13294123411179  -1,76627455353737  -1,17803928852082  -1,08588237762451  -1,26784314513207  -1,30078438073397  -1,17843142300844  -0,836470602452756  -0,590980437397958  -0,741960792243482  -0,790196074545384  -1,03176472485066  -0,791372540593148  -1,16235292255879  -1,96431380957365  -2,41725488305092  -2,24313725680113  -1,69921571165323  -1,62392156720162  -1,79568629860878  -2,1980392575264  
-2,13294123411179  -1,76627455353737  -1,17803928852082  -1,08588237762451  -1,26784314513207  -1,30078438073397  -1,17843142300844  -0,836470602452756  -0,590980437397958  -0,741960792243482  -0,790196074545384  -1,03176472485066  -0,791372540593148  -1,16235292255879  -1,96431380957365  -2,41725488305092  -2,24313725680113  -1,69921571165323  -1,62392156720162  -1,79568629860878  -2,1980392575264  
-2,13294123411179  -1,76627455353737  -1,17803928852082  -1,08588237762451  -1,26784314513207  -1,30078438073397  -1,17843142300844  -0,836470602452756  -0,590980437397958  -0,741960792243482  -0,790196074545384  -1,03176472485066  -0,791372540593148  -1,16235292255879  -1,96431380957365  -2,41725488305092  -2,24313725680113  -1,69921571165323  -1,62392156720162  -1,79568629860878  -2,1980392575264  
-2,13294123411179  -1,76627455353737  -1,17803928852082  -1,08588237762451  -1,26784314513207  -1,30078438073397  -1,17843142300844  -0,836470602452756  -0,590980437397958  -0,741960792243482  -0,790196074545384  -1,03176472485066  -0,791372540593148  -1,16235292255879  -1,96431380957365  -2,41725488305092  -2,24313725680113  -1,69921571165323  -1,62392156720162  -1,79568629860878  -2,1980392575264  
-2,13294123411179  -1,76627455353737  -1,17803928852082  -1,08588237762451  -1,26784314513207  -1,30078438073397  -1,17843142300844  -0,836470602452756  -0,590980437397958  -0,741960792243482  -0,790196074545384  -1,03176472485066  -0,791372540593148  -1,16235292255879  -1,96431380957365  -2,41725488305092  -2,24313725680113  -1,69921571165323  -1,62392156720162  -1,79568629860878  -2,1980392575264  
-2,13294123411179  -1,76627455353737  -1,17803928852082  -1,08588237762451  -1,26784314513207  -1,30078438073397  -1,17843142300844  -0,836470602452756  -0,590980437397958  -0,741960792243482  -0,790196074545384  -1,03176472485066  -0,791372540593148  -1,16235292255879  -1,96431380957365  -2,41725488305092  -2,24313725680113  -1,69921571165323  -1,62392156720162  -1,79568629860878  -2,1980392575264  
-2,13294123411179  -1,76627455353737  -1,17803928852082  -1,08588237762451  -1,26784314513207  -1,30078438073397  -1,17843142300844  -0,836470602452756  -0,590980437397958  -0,741960792243482  -0,790196074545384  -1,03176472485066  -0,791372540593148  -1,16235292255879  -1,96431380957365  -2,41725488305092  -2,24313725680113  -1,69921571165323  -1,62392156720162  -1,79568629860878  -2,1980392575264  
-2,13294123411179  -1,76627455353737  -1,17803928852082  -1,08588237762451  -1,26784314513207  -1,30078438073397  -1,17843142300844  -0,836470602452756  -0,590980437397958  -0,741960792243482  -0,790196074545384  -1,03176472485066  -0,791372540593148  -1,16235292255879  -1,96431380957365  -2,41725488305092  -2,24313725680113  -1,69921571165323  -1,62392156720162  -1,79568629860878  -2,1980392575264  
-2,13294123411179  -1,76627455353737  -1,17803928852082  -1,08588237762451  -1,26784314513207  -1,30078438073397  -1,17843142300844  -0,836470602452756  -0,590980437397958  -0,741960792243482  -0,790196074545384  -1,03176472485066  -0,791372540593148  -1,16235292255879  -1,96431380957365  -2,41725488305092  -2,24313725680113  -1,69921571165323  -1,62392156720162  -1,79568629860878  -2,1980392575264  
-2,13294123411179  -1,76627455353737  -1,17803928852082  -1,08588237762451  -1,26784314513207  -1,30078438073397  -1,17843142300844  -0,836470602452756  -0,590980437397958  -0,741960792243482  -0,790196074545384  -1,03176472485066  -0,791372540593148  -1,16235292255879  -1,96431380957365  -2,41725488305092  -2,24313725680113  -1,69921571165323  -1,62392156720162  -1,79568629860878  -2,1980392575264  
-2,13294123411179  -1,76627455353737  -1,17803928852082  -1,08588237762451  -1,26784314513207  -1,30078438073397  -1,17843142300844  -0,836470602452756  -0,590980437397958  -0,741960792243482  -0,790196074545384  -1,03176472485066  -0,791372540593148  -1,16235292255879  -1,96431380957365  -2,41725488305092  -2,24313725680113  -1,69921571165323  -1,62392156720162  -1,79568629860878  -2,1980392575264  
-2,13294123411179  -1,76627455353737  -1,17803928852082  -1,08588237762451  -1,26784314513207  -1,30078438073397  -1,17843142300844  -0,836470602452756  -0,590980437397958  -0,741960792243482  -0,790196074545384  -1,03176472485066  -0,791372540593148  -1,16235292255879  -1,96431380957365  -2,41725488305092  -2,24313725680113  -1,69921571165323  -1,62392156720162  -1,79568629860878  -2,1980392575264  
-2,13294123411179  -1,76627455353737  -1,17803928852082  -1,08588237762451  -1,26784314513207  -1,30078438073397  -1,17843142300844  -0,836470602452756  -0,590980437397958  -0,741960792243482  -0,790196074545384  -1,03176472485066  -0,791372540593148  -1,16235292255879  -1,96431380957365  -2,41725488305092  -2,24313725680113  -1,69921571165323  -1,62392156720162  -1,79568629860878  -2,1980392575264  
-2,13294123411179  -1,76627455353737  -1,17803928852082  -1,08588237762451  -1,26784314513207  -1,30078438073397  -1,17843142300844  -0,836470602452756  -0,590980437397958  -0,741960792243482  -0,790196074545384  -1,03176472485066  -0,791372540593148  -1,16235292255879  -1,96431380957365  -2,41725488305092  -2,24313725680113  -1,69921571165323  -1,62392156720162  -1,79568629860878  -2,1980392575264  
-2,13294123411179  -1,76627455353737  -1,17803928852082  -1,08588237762451  -1,26784314513207  -1,30078438073397  -1,17843142300844  -0,836470602452756  -0,590980437397958  -0,741960792243482  -0,790196074545384  -1,03176472485066  -0,791372540593148  -1,16235292255879  -1,96431380957365  -2,41725488305092  -2,24313725680113  -1,69921571165323  -1,62392156720162  -1,79568629860878  -2,1980392575264  
-2,13294123411179  -1,76627455353737  -1,17803928852082  -1,08588237762451  -1,26784314513207  -1,30078438073397  -1,17843142300844  -0,836470602452756  -0,590980437397958  -0,741960792243482  -0,790196074545384  -1,03176472485066  -0,791372540593148  -1,16235292255879  -1,96431380957365  -2,41725488305092  -2,24313725680113  -1,69921571165323  -1,62392156720162  -1,79568629860878  -2,1980392575264  
-2,13294123411179  -1,76627455353737  -1,17803928852082  -1,08588237762451  -1,26784314513207  -1,30078438073397  -1,17843142300844  -0,836470602452756  -0,590980437397958  -0,741960792243482  -0,790196074545384  -1,03176472485066  -0,791372540593148  -1,16235292255879  -1,96431380957365  -2,41725488305092  -2,24313725680113  -1,69921571165323  -1,62392156720162  -1,79568629860878  -2,1980392575264  
-2,13294123411179  -1,76627455353737  -1,17803928852082  -1,08588237762451  -1,26784314513207  -1,30078438073397  -1,17843142300844  -0,836470602452756  -0,590980437397958  -0,741960792243482  -0,790196074545384  -1,03176472485066  -0,791372540593148  -1,16235292255879  -1,96431380957365  -2,41725488305092  -2,24313725680113  -1,69921571165323  -1,62392156720162  -1,79568629860878  -2,1980392575264  
-2,13294123411179  -1,76627455353737  -1,17803928852082  -1,08588237762451  -1,26784314513207  -1,30078438073397  -1,17843142300844  -0,836470602452756  -0,590980437397958  -0,741960792243482  -0,790196074545384  -1,03176472485066  -0,791372540593148  -1,16235292255879  -1,96431380957365  -2,41725488305092  -2,24313725680113  -1,69921571165323  -1,62392156720162  -1,79568629860878  -2,1980392575264  
-2,13294123411179  -1,76627455353737  -1,17803928852082  -1,08588237762451  -1,26784314513207  -1,30078438073397  -1,17843142300844  -0,836470602452756  -0,590980437397958  -0,741960792243482  -0,790196074545384  -1,03176472485066  -0,791372540593148  -1,16235292255879  -1,96431380957365  -2,41725488305092  -2,24313725680113  -1,69921571165323  -1,62392156720162  -1,79568629860878  -2,1980392575264  
-2,13294123411179  -1,76627455353737  -1,17803928852082  -1,08588237762451  -1,26784314513207  -1,30078438073397  -1,17843142300844  -0,836470602452756  -0,590980437397958  -0,741960792243482  -0,790196074545384  -1,03176472485066  -0,791372540593148  -1,16235292255879  -1,96431380957365  -2,41725488305092  -2,24313725680113  -1,69921571165323  -1,62392156720162  -1,79568629860878  -2,1980392575264  
-2,13294123411179  -1,76627455353737  -1,17803928852082  -1,08588237762451  -1,26784314513207  -1,30078438073397  -1,17843142300844  -0,836470602452756  -0,590980437397958  -0,741960792243482  -0,790196074545384  -1,03176472485066  -0,791372540593148  -1,16235292255879  -1,96431380957365  -2,41725488305092  -2,24313725680113  -1,69921571165323  -1,62392156720162  -1,79568629860878  -2,1980392575264  
-2,13294123411179  -1,76627455353737  -1,17803928852082  -1,08588237762451  -1,26784314513207  -1,30078438073397  -1,17843142300844  -0,836470602452756  -0,590980437397958  -0,741960792243482  -0,790196074545384  -1,03176472485066  -0,791372540593148  -1,16235292255879  -1,96431380957365  -2,41725488305092  -2,24313725680113  -1,69921571165323  -1,62392156720162  -1,79568629860878  -2,1980392575264  
-2,13294123411179  -1,76627455353737  -1,17803928852082  -1,08588237762451  -1,26784314513207  -1,30078438073397  -1,17843142300844  -0,836470602452756  -0,590980437397958  -0,741960792243482  -0,790196074545384  -1,03176472485066  -0,791372540593148  -1,16235292255879  -1,96431380957365  -2,41725488305092  -2,24313725680113  -1,69921571165323  -1,62392156720162  -1,79568629860878  -2,1980392575264  
-2,13294123411179  -1,76627455353737  -1,17803928852082  -1,08588237762451  -1,26784314513207  -1,30078438073397  -1,17843142300844  -0,836470602452756  -0,590980437397958  -0,741960792243482  -0,790196074545384  -1,03176472485066  -0,791372540593148  -1,16235292255879  -1,96431380957365  -2,41725488305092  -2,24313725680113  -1,69921571165323  -1,62392156720162  -1,79568629860878  -2,1980392575264  
-2,13294123411179  -1,76627455353737  -1,17803928852082  -1,08588237762451  -1,26784314513207  -1,30078438073397  -1,17843142300844  -0,836470602452756  -0,590980437397958  -0,741960792243482  -0,790196074545384  -1,03176472485066  -0,791372540593148  -1,16235292255879  -1,96431380957365  -2,41725488305092  -2,24313725680113  -1,69921571165323  -1,62392156720162  -1,79568629860878  -2,1980392575264  


Add x - 0
-2,13294123411179  -1,76627455353737  -1,17803928852082  -1,08588237762451  -1,26784314513207  -1,30078438073397  -1,17843142300844  -0,836470602452756  -0,590980437397958  -0,741960792243482  -0,790196074545384  -1,03176472485066  -0,791372540593148  -1,16235292255879  -1,96431380957365  -2,41725488305092  -2,24313725680113  -1,69921571165323  -1,62392156720162  -1,79568629860878  -2,1980392575264  0  
-2,13294123411179  -1,76627455353737  -1,17803928852082  -1,08588237762451  -1,26784314513207  -1,30078438073397  -1,17843142300844  -0,836470602452756  -0,590980437397958  -0,741960792243482  -0,790196074545384  -1,03176472485066  -0,791372540593148  -1,16235292255879  -1,96431380957365  -2,41725488305092  -2,24313725680113  -1,69921571165323  -1,62392156720162  -1,79568629860878  -2,1980392575264  0  
-2,13294123411179  -1,76627455353737  -1,17803928852082  -1,08588237762451  -1,26784314513207  -1,30078438073397  -1,17843142300844  -0,836470602452756  -0,590980437397958  -0,741960792243482  -0,790196074545384  -1,03176472485066  -0,791372540593148  -1,16235292255879  -1,96431380957365  -2,41725488305092  -2,24313725680113  -1,69921571165323  -1,62392156720162  -1,79568629860878  -2,1980392575264  0  
-2,13294123411179  -1,76627455353737  -1,17803928852082  -1,08588237762451  -1,26784314513207  -1,30078438073397  -1,17843142300844  -0,836470602452756  -0,590980437397958  -0,741960792243482  -0,790196074545384  -1,03176472485066  -0,791372540593148  -1,16235292255879  -1,96431380957365  -2,41725488305092  -2,24313725680113  -1,69921571165323  -1,62392156720162  -1,79568629860878  -2,1980392575264  0  
-2,13294123411179  -1,76627455353737  -1,17803928852082  -1,08588237762451  -1,26784314513207  -1,30078438073397  -1,17843142300844  -0,836470602452756  -0,590980437397958  -0,741960792243482  -0,790196074545384  -1,03176472485066  -0,791372540593148  -1,16235292255879  -1,96431380957365  -2,41725488305092  -2,24313725680113  -1,69921571165323  -1,62392156720162  -1,79568629860878  -2,1980392575264  0  
-2,13294123411179  -1,76627455353737  -1,17803928852082  -1,08588237762451  -1,26784314513207  -1,30078438073397  -1,17843142300844  -0,836470602452756  -0,590980437397958  -0,741960792243482  -0,790196074545384  -1,03176472485066  -0,791372540593148  -1,16235292255879  -1,96431380957365  -2,41725488305092  -2,24313725680113  -1,69921571165323  -1,62392156720162  -1,79568629860878  -2,1980392575264  0  
-2,13294123411179  -1,76627455353737  -1,17803928852082  -1,08588237762451  -1,26784314513207  -1,30078438073397  -1,17843142300844  -0,836470602452756  -0,590980437397958  -0,741960792243482  -0,790196074545384  -1,03176472485066  -0,791372540593148  -1,16235292255879  -1,96431380957365  -2,41725488305092  -2,24313725680113  -1,69921571165323  -1,62392156720162  -1,79568629860878  -2,1980392575264  0  
-2,13294123411179  -1,76627455353737  -1,17803928852082  -1,08588237762451  -1,26784314513207  -1,30078438073397  -1,17843142300844  -0,836470602452756  -0,590980437397958  -0,741960792243482  -0,790196074545384  -1,03176472485066  -0,791372540593148  -1,16235292255879  -1,96431380957365  -2,41725488305092  -2,24313725680113  -1,69921571165323  -1,62392156720162  -1,79568629860878  -2,1980392575264  0  
-2,13294123411179  -1,76627455353737  -1,17803928852082  -1,08588237762451  -1,26784314513207  -1,30078438073397  -1,17843142300844  -0,836470602452756  -0,590980437397958  -0,741960792243482  -0,790196074545384  -1,03176472485066  -0,791372540593148  -1,16235292255879  -1,96431380957365  -2,41725488305092  -2,24313725680113  -1,69921571165323  -1,62392156720162  -1,79568629860878  -2,1980392575264  0  
-2,13294123411179  -1,76627455353737  -1,17803928852082  -1,08588237762451  -1,26784314513207  -1,30078438073397  -1,17843142300844  -0,836470602452756  -0,590980437397958  -0,741960792243482  -0,790196074545384  -1,03176472485066  -0,791372540593148  -1,16235292255879  -1,96431380957365  -2,41725488305092  -2,24313725680113  -1,69921571165323  -1,62392156720162  -1,79568629860878  -2,1980392575264  0  
-2,13294123411179  -1,76627455353737  -1,17803928852082  -1,08588237762451  -1,26784314513207  -1,30078438073397  -1,17843142300844  -0,836470602452756  -0,590980437397958  -0,741960792243482  -0,790196074545384  -1,03176472485066  -0,791372540593148  -1,16235292255879  -1,96431380957365  -2,41725488305092  -2,24313725680113  -1,69921571165323  -1,62392156720162  -1,79568629860878  -2,1980392575264  0  
-2,13294123411179  -1,76627455353737  -1,17803928852082  -1,08588237762451  -1,26784314513207  -1,30078438073397  -1,17843142300844  -0,836470602452756  -0,590980437397958  -0,741960792243482  -0,790196074545384  -1,03176472485066  -0,791372540593148  -1,16235292255879  -1,96431380957365  -2,41725488305092  -2,24313725680113  -1,69921571165323  -1,62392156720162  -1,79568629860878  -2,1980392575264  0  
-2,13294123411179  -1,76627455353737  -1,17803928852082  -1,08588237762451  -1,26784314513207  -1,30078438073397  -1,17843142300844  -0,836470602452756  -0,590980437397958  -0,741960792243482  -0,790196074545384  -1,03176472485066  -0,791372540593148  -1,16235292255879  -1,96431380957365  -2,41725488305092  -2,24313725680113  -1,69921571165323  -1,62392156720162  -1,79568629860878  -2,1980392575264  0  
-2,13294123411179  -1,76627455353737  -1,17803928852082  -1,08588237762451  -1,26784314513207  -1,30078438073397  -1,17843142300844  -0,836470602452756  -0,590980437397958  -0,741960792243482  -0,790196074545384  -1,03176472485066  -0,791372540593148  -1,16235292255879  -1,96431380957365  -2,41725488305092  -2,24313725680113  -1,69921571165323  -1,62392156720162  -1,79568629860878  -2,1980392575264  0  
-2,13294123411179  -1,76627455353737  -1,17803928852082  -1,08588237762451  -1,26784314513207  -1,30078438073397  -1,17843142300844  -0,836470602452756  -0,590980437397958  -0,741960792243482  -0,790196074545384  -1,03176472485066  -0,791372540593148  -1,16235292255879  -1,96431380957365  -2,41725488305092  -2,24313725680113  -1,69921571165323  -1,62392156720162  -1,79568629860878  -2,1980392575264  0  
-2,13294123411179  -1,76627455353737  -1,17803928852082  -1,08588237762451  -1,26784314513207  -1,30078438073397  -1,17843142300844  -0,836470602452756  -0,590980437397958  -0,741960792243482  -0,790196074545384  -1,03176472485066  -0,791372540593148  -1,16235292255879  -1,96431380957365  -2,41725488305092  -2,24313725680113  -1,69921571165323  -1,62392156720162  -1,79568629860878  -2,1980392575264  0  
-2,13294123411179  -1,76627455353737  -1,17803928852082  -1,08588237762451  -1,26784314513207  -1,30078438073397  -1,17843142300844  -0,836470602452756  -0,590980437397958  -0,741960792243482  -0,790196074545384  -1,03176472485066  -0,791372540593148  -1,16235292255879  -1,96431380957365  -2,41725488305092  -2,24313725680113  -1,69921571165323  -1,62392156720162  -1,79568629860878  -2,1980392575264  0  
-2,13294123411179  -1,76627455353737  -1,17803928852082  -1,08588237762451  -1,26784314513207  -1,30078438073397  -1,17843142300844  -0,836470602452756  -0,590980437397958  -0,741960792243482  -0,790196074545384  -1,03176472485066  -0,791372540593148  -1,16235292255879  -1,96431380957365  -2,41725488305092  -2,24313725680113  -1,69921571165323  -1,62392156720162  -1,79568629860878  -2,1980392575264  0  
-2,13294123411179  -1,76627455353737  -1,17803928852082  -1,08588237762451  -1,26784314513207  -1,30078438073397  -1,17843142300844  -0,836470602452756  -0,590980437397958  -0,741960792243482  -0,790196074545384  -1,03176472485066  -0,791372540593148  -1,16235292255879  -1,96431380957365  -2,41725488305092  -2,24313725680113  -1,69921571165323  -1,62392156720162  -1,79568629860878  -2,1980392575264  0  
-2,13294123411179  -1,76627455353737  -1,17803928852082  -1,08588237762451  -1,26784314513207  -1,30078438073397  -1,17843142300844  -0,836470602452756  -0,590980437397958  -0,741960792243482  -0,790196074545384  -1,03176472485066  -0,791372540593148  -1,16235292255879  -1,96431380957365  -2,41725488305092  -2,24313725680113  -1,69921571165323  -1,62392156720162  -1,79568629860878  -2,1980392575264  0  
-2,13294123411179  -1,76627455353737  -1,17803928852082  -1,08588237762451  -1,26784314513207  -1,30078438073397  -1,17843142300844  -0,836470602452756  -0,590980437397958  -0,741960792243482  -0,790196074545384  -1,03176472485066  -0,791372540593148  -1,16235292255879  -1,96431380957365  -2,41725488305092  -2,24313725680113  -1,69921571165323  -1,62392156720162  -1,79568629860878  -2,1980392575264  0  
-2,13294123411179  -1,76627455353737  -1,17803928852082  -1,08588237762451  -1,26784314513207  -1,30078438073397  -1,17843142300844  -0,836470602452756  -0,590980437397958  -0,741960792243482  -0,790196074545384  -1,03176472485066  -0,791372540593148  -1,16235292255879  -1,96431380957365  -2,41725488305092  -2,24313725680113  -1,69921571165323  -1,62392156720162  -1,79568629860878  -2,1980392575264  0  
-2,13294123411179  -1,76627455353737  -1,17803928852082  -1,08588237762451  -1,26784314513207  -1,30078438073397  -1,17843142300844  -0,836470602452756  -0,590980437397958  -0,741960792243482  -0,790196074545384  -1,03176472485066  -0,791372540593148  -1,16235292255879  -1,96431380957365  -2,41725488305092  -2,24313725680113  -1,69921571165323  -1,62392156720162  -1,79568629860878  -2,1980392575264  0  
-2,13294123411179  -1,76627455353737  -1,17803928852082  -1,08588237762451  -1,26784314513207  -1,30078438073397  -1,17843142300844  -0,836470602452756  -0,590980437397958  -0,741960792243482  -0,790196074545384  -1,03176472485066  -0,791372540593148  -1,16235292255879  -1,96431380957365  -2,41725488305092  -2,24313725680113  -1,69921571165323  -1,62392156720162  -1,79568629860878  -2,1980392575264  0  
-2,13294123411179  -1,76627455353737  -1,17803928852082  -1,08588237762451  -1,26784314513207  -1,30078438073397  -1,17843142300844  -0,836470602452756  -0,590980437397958  -0,741960792243482  -0,790196074545384  -1,03176472485066  -0,791372540593148  -1,16235292255879  -1,96431380957365  -2,41725488305092  -2,24313725680113  -1,69921571165323  -1,62392156720162  -1,79568629860878  -2,1980392575264  0  
-2,13294123411179  -1,76627455353737  -1,17803928852082  -1,08588237762451  -1,26784314513207  -1,30078438073397  -1,17843142300844  -0,836470602452756  -0,590980437397958  -0,741960792243482  -0,790196074545384  -1,03176472485066  -0,791372540593148  -1,16235292255879  -1,96431380957365  -2,41725488305092  -2,24313725680113  -1,69921571165323  -1,62392156720162  -1,79568629860878  -2,1980392575264  0  
-2,13294123411179  -1,76627455353737  -1,17803928852082  -1,08588237762451  -1,26784314513207  -1,30078438073397  -1,17843142300844  -0,836470602452756  -0,590980437397958  -0,741960792243482  -0,790196074545384  -1,03176472485066  -0,791372540593148  -1,16235292255879  -1,96431380957365  -2,41725488305092  -2,24313725680113  -1,69921571165323  -1,62392156720162  -1,79568629860878  -2,1980392575264  0  
-2,13294123411179  -1,76627455353737  -1,17803928852082  -1,08588237762451  -1,26784314513207  -1,30078438073397  -1,17843142300844  -0,836470602452756  -0,590980437397958  -0,741960792243482  -0,790196074545384  -1,03176472485066  -0,791372540593148  -1,16235292255879  -1,96431380957365  -2,41725488305092  -2,24313725680113  -1,69921571165323  -1,62392156720162  -1,79568629860878  -2,1980392575264  0  
-2,13294123411179  -1,76627455353737  -1,17803928852082  -1,08588237762451  -1,26784314513207  -1,30078438073397  -1,17843142300844  -0,836470602452756  -0,590980437397958  -0,741960792243482  -0,790196074545384  -1,03176472485066  -0,791372540593148  -1,16235292255879  -1,96431380957365  -2,41725488305092  -2,24313725680113  -1,69921571165323  -1,62392156720162  -1,79568629860878  -2,1980392575264  0  
-2,13294123411179  -1,76627455353737  -1,17803928852082  -1,08588237762451  -1,26784314513207  -1,30078438073397  -1,17843142300844  -0,836470602452756  -0,590980437397958  -0,741960792243482  -0,790196074545384  -1,03176472485066  -0,791372540593148  -1,16235292255879  -1,96431380957365  -2,41725488305092  -2,24313725680113  -1,69921571165323  -1,62392156720162  -1,79568629860878  -2,1980392575264  0  


pooling 1
-1,76627455353737  -1,08588237762451  -1,26784314513207  -0,836470602452756  -0,590980437397958  -0,790196074545384  -0,791372540593148  -1,96431380957365  -1,69921571165323  -1,62392156720162  0  
-1,76627455353737  -1,08588237762451  -1,26784314513207  -0,836470602452756  -0,590980437397958  -0,790196074545384  -0,791372540593148  -1,96431380957365  -1,69921571165323  -1,62392156720162  0  
-1,76627455353737  -1,08588237762451  -1,26784314513207  -0,836470602452756  -0,590980437397958  -0,790196074545384  -0,791372540593148  -1,96431380957365  -1,69921571165323  -1,62392156720162  0  
-1,76627455353737  -1,08588237762451  -1,26784314513207  -0,836470602452756  -0,590980437397958  -0,790196074545384  -0,791372540593148  -1,96431380957365  -1,69921571165323  -1,62392156720162  0  
-1,76627455353737  -1,08588237762451  -1,26784314513207  -0,836470602452756  -0,590980437397958  -0,790196074545384  -0,791372540593148  -1,96431380957365  -1,69921571165323  -1,62392156720162  0  
-1,76627455353737  -1,08588237762451  -1,26784314513207  -0,836470602452756  -0,590980437397958  -0,790196074545384  -0,791372540593148  -1,96431380957365  -1,69921571165323  -1,62392156720162  0  
-1,76627455353737  -1,08588237762451  -1,26784314513207  -0,836470602452756  -0,590980437397958  -0,790196074545384  -0,791372540593148  -1,96431380957365  -1,69921571165323  -1,62392156720162  0  
-1,76627455353737  -1,08588237762451  -1,26784314513207  -0,836470602452756  -0,590980437397958  -0,790196074545384  -0,791372540593148  -1,96431380957365  -1,69921571165323  -1,62392156720162  0  
-1,76627455353737  -1,08588237762451  -1,26784314513207  -0,836470602452756  -0,590980437397958  -0,790196074545384  -0,791372540593148  -1,96431380957365  -1,69921571165323  -1,62392156720162  0  
-1,76627455353737  -1,08588237762451  -1,26784314513207  -0,836470602452756  -0,590980437397958  -0,790196074545384  -0,791372540593148  -1,96431380957365  -1,69921571165323  -1,62392156720162  0  
-1,76627455353737  -1,08588237762451  -1,26784314513207  -0,836470602452756  -0,590980437397958  -0,790196074545384  -0,791372540593148  -1,96431380957365  -1,69921571165323  -1,62392156720162  0  
-1,76627455353737  -1,08588237762451  -1,26784314513207  -0,836470602452756  -0,590980437397958  -0,790196074545384  -0,791372540593148  -1,96431380957365  -1,69921571165323  -1,62392156720162  0  
-1,76627455353737  -1,08588237762451  -1,26784314513207  -0,836470602452756  -0,590980437397958  -0,790196074545384  -0,791372540593148  -1,96431380957365  -1,69921571165323  -1,62392156720162  0  
-1,76627455353737  -1,08588237762451  -1,26784314513207  -0,836470602452756  -0,590980437397958  -0,790196074545384  -0,791372540593148  -1,96431380957365  -1,69921571165323  -1,62392156720162  0  
-1,76627455353737  -1,08588237762451  -1,26784314513207  -0,836470602452756  -0,590980437397958  -0,790196074545384  -0,791372540593148  -1,96431380957365  -1,69921571165323  -1,62392156720162  0  


TanH 1
-1,41201772090473  -1,05502125116507  -1,1738435768099  -0,861502724323075  -0,637286670338528  -0,821709422635314  -0,822735841638451  -1,47705654117748  -1,38659119139847  -1,35579091259768  0  
-1,41201772090473  -1,05502125116507  -1,1738435768099  -0,861502724323075  -0,637286670338528  -0,821709422635314  -0,822735841638451  -1,47705654117748  -1,38659119139847  -1,35579091259768  0  
-1,41201772090473  -1,05502125116507  -1,1738435768099  -0,861502724323075  -0,637286670338528  -0,821709422635314  -0,822735841638451  -1,47705654117748  -1,38659119139847  -1,35579091259768  0  
-1,41201772090473  -1,05502125116507  -1,1738435768099  -0,861502724323075  -0,637286670338528  -0,821709422635314  -0,822735841638451  -1,47705654117748  -1,38659119139847  -1,35579091259768  0  
-1,41201772090473  -1,05502125116507  -1,1738435768099  -0,861502724323075  -0,637286670338528  -0,821709422635314  -0,822735841638451  -1,47705654117748  -1,38659119139847  -1,35579091259768  0  
-1,41201772090473  -1,05502125116507  -1,1738435768099  -0,861502724323075  -0,637286670338528  -0,821709422635314  -0,822735841638451  -1,47705654117748  -1,38659119139847  -1,35579091259768  0  
-1,41201772090473  -1,05502125116507  -1,1738435768099  -0,861502724323075  -0,637286670338528  -0,821709422635314  -0,822735841638451  -1,47705654117748  -1,38659119139847  -1,35579091259768  0  
-1,41201772090473  -1,05502125116507  -1,1738435768099  -0,861502724323075  -0,637286670338528  -0,821709422635314  -0,822735841638451  -1,47705654117748  -1,38659119139847  -1,35579091259768  0  
-1,41201772090473  -1,05502125116507  -1,1738435768099  -0,861502724323075  -0,637286670338528  -0,821709422635314  -0,822735841638451  -1,47705654117748  -1,38659119139847  -1,35579091259768  0  
-1,41201772090473  -1,05502125116507  -1,1738435768099  -0,861502724323075  -0,637286670338528  -0,821709422635314  -0,822735841638451  -1,47705654117748  -1,38659119139847  -1,35579091259768  0  
-1,41201772090473  -1,05502125116507  -1,1738435768099  -0,861502724323075  -0,637286670338528  -0,821709422635314  -0,822735841638451  -1,47705654117748  -1,38659119139847  -1,35579091259768  0  
-1,41201772090473  -1,05502125116507  -1,1738435768099  -0,861502724323075  -0,637286670338528  -0,821709422635314  -0,822735841638451  -1,47705654117748  -1,38659119139847  -1,35579091259768  0  
-1,41201772090473  -1,05502125116507  -1,1738435768099  -0,861502724323075  -0,637286670338528  -0,821709422635314  -0,822735841638451  -1,47705654117748  -1,38659119139847  -1,35579091259768  0  
-1,41201772090473  -1,05502125116507  -1,1738435768099  -0,861502724323075  -0,637286670338528  -0,821709422635314  -0,822735841638451  -1,47705654117748  -1,38659119139847  -1,35579091259768  0  
-1,41201772090473  -1,05502125116507  -1,1738435768099  -0,861502724323075  -0,637286670338528  -0,821709422635314  -0,822735841638451  -1,47705654117748  -1,38659119139847  -1,35579091259768  0  


